agua: .word 16, 16
.byte 81,81,81,81,81,81,81,81,81,81,81,81,81,81,81,81,
81,81,81,81,81,81,81,81,81,81,81,81,81,81,81,81,
81,81,81,81,81,81,81,81,81,81,81,81,81,81,81,81,
81,81,81,81,81,81,81,81,81,81,81,81,81,81,81,81,
81,81,81,81,81,81,81,81,81,81,81,81,81,81,81,81,
81,81,81,81,81,81,81,81,81,81,81,81,81,81,81,81,
81,81,81,81,81,81,81,81,81,81,81,81,81,81,81,81,
81,81,81,81,81,81,81,81,81,81,81,81,81,81,81,81,
81,81,81,81,81,81,81,81,81,81,81,81,81,81,81,81,
81,81,81,81,81,81,81,81,81,81,81,81,81,81,81,81,
81,81,81,81,81,81,81,81,81,81,81,81,81,81,81,81,
81,81,81,81,81,81,81,81,81,81,81,81,81,81,81,81,
81,81,81,81,81,81,81,81,81,81,81,81,81,81,81,81,
81,81,81,81,81,81,81,81,81,81,81,81,81,81,81,81,
81,81,81,81,81,81,81,81,81,81,81,81,81,81,81,81,
81,81,81,81,81,81,81,81,81,81,81,81,81,81,81,81,

